10101
10101
10101
10101
10101
10101
10101
10101
11101
11101
10101
10101
10101
10101
10101
10101
10101
10101
10101
11101
11111
11111
11101
10101
10101
10101
10101
10101
10101
10101
11100
11100
11110
11110
11111
11101
10101
10101
10101
10101
10101
11100
10101
11101
11111
11111
11101
10101
10101
10101
10101
10101
10101
11100
10101
10101
11101
11101
10101
10101
10101
10101
10101
10101
11100
11100
11100
10101
10101
10101
10101
10101
10101
10101
10101
10101
11100
11100
11100
10101
10101
10101
10101
10101
10101
10101
11100
10011
11100
11100
11100
11100
11100
10101
10101
10101
10101
11100
11100
11100
11100
10100
11100
11100
11100
11100
10101
10101
11100
11100
11100
11100
11100
11100
10100
10100
11100
11100
11100
10101
11100
11100
11100
11100
11100
11100
11100
11100
10100
10100
11100
10101
11100
11100
11100
11100
11100
11100
11100
11100
10011
10100
11100
10101
11100
11100
11100
11100
11100
11100
11100
11100
11100
10100
11100
10101
11100
11100
11100
11100
11100
11100
11100
11100
11100
10011
11100
10101
11100
11100
10100
11100
11100
11100
11100
11100
10011
11100
11100
10101
10101
11100
11100
10100
10011
11100
11100
10011
11100
11100
10101
10101
10101
10101
11100
11100
11100
11100
11100
11100
11100
10101
10101
10101
