15
15
15
15
15
12
12
12
12
15
15
15
15
15
15
15
15
15
15
15
16
16
16
16
15
15
15
15
15
15
15
15
15
15
12
16
16
16
12
12
12
12
15
15
15
15
15
15
15
12
16
16
16
12
12
12
12
15
15
15
15
15
15
12
12
1b
1b
1a
12
12
1a
1a
12
15
15
15
15
15
14
12
12
12
14
13
12
1a
1a
1a
12
15
15
15
15
12
12
12
12
12
12
12
12
12
1a
1a
15
15
15
15
13
12
12
12
13
12
12
12
12
1a
1a
14
15
15
15
14
12
12
12
14
13
12
12
12
12
1b
1a
15
15
15
13
12
12
12
12
12
12
12
12
12
14
1b
15
15
15
14
14
14
14
14
14
14
1b
1a
14
14
14
15
15
15
13
13
17
17
17
13
13
16
16
14
14
15
15
15
15
13
13
17
17
17
13
13
16
16
14
14
15
15
15
15
16
16
17
17
17
12
16
16
16
17
15
15
15
15
15
16
15
17
17
17
12
1a
17
17
15
15
15
15
15
15
15
15
12
12
12
12
1a
1a
1a
15
15
15
15
15
15
15
1b
12
12
12
1a
1a
1a
1a
15
15
15
15
15
15
15
1a
12
12
12
1a
1a
1a
1a
15
15
15
15
15
15
1a
1a
15
15
15
1b
1a
1b
15
15
15
15
15
15
1b
1a
1a
15
15
15
1a
1a
1a
1a
15
15
15
15
1b
1a
1a
15
15
15
15
15
1a
1a
1a
1a
15
15
15
1b
1a
1a
15
15
15
15
15
1a
1a
1a
1a
15
15
15
1b
1a
1a
15
15
15
15
15
15
1b
1a
1a
12
15
15
15
12
12
15
15
15
15
15
15
15
15
12
12
15
12
12
12
12
15
15
15
15
15
15
12
12
12
12
15
