10101
10101
10101
10101
10101
10101
10010
10010
10010
10010
10101
10101
10101
10101
10101
10101
10101
10101
10101
10101
10101
10110
10110
10110
10110
10101
10101
10101
10101
10101
10101
10101
10101
10010
10010
10010
10010
10110
10110
10110
10010
10101
10101
10101
10101
10101
10101
10101
10010
10010
10010
10010
10110
10110
10110
10010
10101
10101
10101
10101
10101
10101
10010
11010
11010
10010
10010
11010
11011
11011
10010
10010
10101
10101
10101
10101
10010
11010
11010
11010
10010
10011
10100
10010
10010
10010
10100
10101
10101
10101
10101
11010
11010
10010
10010
10010
10010
10010
10010
10010
10010
10010
10101
10101
10101
10100
11010
11010
10010
10010
10010
10010
10011
10010
10010
10010
10011
10101
10101
10101
11010
11011
10010
10010
10010
10010
10011
10100
10010
10010
10010
10100
10101
10101
10101
11011
10100
10010
10010
10010
10010
10010
10010
10010
10010
10010
10011
10101
10101
10101
10100
10100
10100
11010
11011
10100
10100
10100
10100
10100
10100
10100
10101
10101
10101
10101
10100
10100
10110
10110
10011
10011
10111
10111
10111
10011
10011
10101
10101
10101
10101
10100
10100
10110
10110
10011
10011
10111
10111
10111
10011
10011
10101
10101
10101
10101
10101
10111
10110
10110
10110
10010
10111
10111
10111
10110
10110
10101
10101
10101
10101
10101
10101
10111
10111
11010
10010
10111
10111
10111
10101
10110
10101
10101
10101
10101
10101
10101
11010
11010
11010
10010
10010
10010
10010
10101
10101
10101
10101
10101
10101
10101
10101
11010
11010
11010
11010
10010
10010
10010
11011
10101
10101
10101
10101
10101
10101
10101
11010
11010
11010
11010
10010
10010
10010
11010
10101
10101
10101
10101
10101
10101
10101
10101
11011
11010
11011
10101
10101
10101
11010
11010
10101
10101
10101
10101
10101
10101
11010
11010
11010
11010
10101
10101
10101
11010
11010
11011
10101
10101
10101
10101
11010
11010
11010
11010
10101
10101
10101
10101
10101
11010
11010
11011
10101
10101
10101
11010
11010
11010
11010
10101
10101
10101
10101
10101
11010
11010
11011
10101
10101
10010
11010
11010
11011
10101
10101
10101
10101
10101
10101
11010
11010
11011
10101
10101
10010
10010
10101
10101
10101
10101
10101
10101
10101
10101
10010
10010
10101
10101
10101
10010
10010
10010
10010
10101
10101
10101
10101
10101
10101
10010
10010
10010
10010
