15
15
15
15
15
15
12
12
12
12
15
15
15
15
15
15
15
15
15
15
15
16
16
16
16
15
15
15
15
15
15
15
15
12
12
12
12
16
16
16
12
15
15
15
15
15
15
15
12
12
12
12
16
16
16
12
15
15
15
15
15
15
12
18
18
12
12
18
19
19
12
12
15
15
15
15
12
18
18
18
12
13
14
12
12
12
14
15
15
15
15
18
18
12
12
12
12
12
12
12
12
12
15
15
15
14
18
18
12
12
12
12
13
12
12
12
13
15
15
15
18
19
12
12
12
12
13
14
12
12
12
14
15
15
15
19
14
12
12
12
12
12
12
12
12
12
13
15
15
15
14
14
14
18
19
14
14
14
14
14
14
14
15
15
15
15
14
14
16
16
13
13
17
17
17
13
13
15
15
15
15
14
14
16
16
13
13
17
17
17
13
13
15
15
15
15
15
17
16
16
16
12
17
17
17
16
16
15
15
15
15
15
15
17
17
18
12
17
17
17
15
16
15
15
15
15
15
15
18
18
18
12
12
12
12
15
15
15
15
15
15
15
15
18
18
18
18
12
12
12
19
15
15
15
15
15
15
15
18
18
18
18
12
12
12
18
15
15
15
15
15
15
15
15
19
18
19
15
15
15
18
18
15
15
15
15
15
15
18
18
18
18
15
15
15
18
18
19
15
15
15
15
18
18
18
18
15
15
15
15
15
18
18
19
15
15
15
18
18
18
18
15
15
15
15
15
18
18
19
15
15
12
18
18
19
15
15
15
15
15
15
18
18
19
15
15
12
12
15
15
15
15
15
15
15
15
12
12
15
15
15
12
12
12
12
15
15
15
15
15
15
12
12
12
12
