10101
10101
10101
10101
10101
10010
10010
10010
10010
10101
10101
10101
10101
10101
10101
10101
10101
10101
10101
10101
10110
10110
10110
10110
10101
10101
10101
10101
10101
10101
10101
10101
10101
10101
10010
10110
10110
10110
10010
10010
10010
10010
10101
10101
10101
10101
10101
10101
10101
10010
10110
10110
10110
10010
10010
10010
10010
10101
10101
10101
10101
10101
10101
10010
10010
11001
11001
11000
10010
10010
11000
11000
10010
10101
10101
10101
10101
10101
10100
10010
10010
10010
10100
10011
10010
11000
11000
11000
10010
10101
10101
10101
10101
10010
10010
10010
10010
10010
10010
10010
10010
10010
11000
11000
10101
10101
10101
10101
10011
10010
10010
10010
10011
10010
10010
10010
10010
11000
11000
10100
10101
10101
10101
10100
10010
10010
10010
10100
10011
10010
10010
10010
10010
11001
11000
10101
10101
10101
10011
10010
10010
10010
10010
10010
10010
10010
10010
10010
10100
11001
10101
10101
10101
10100
10100
10100
10100
10100
10100
10100
11001
11000
10100
10100
10100
10101
10101
10101
10011
10011
10111
10111
10111
10011
10011
10110
10110
10100
10100
10101
10101
10101
10101
10011
10011
10111
10111
10111
10011
10011
10110
10110
10100
10100
10101
10101
10101
10101
10110
10110
10111
10111
10111
10010
10110
10110
10110
10111
10101
10101
10101
10101
10101
10110
10101
10111
10111
10111
10010
11000
10111
10111
10101
10101
10101
10101
10101
10101
10101
10101
10010
10010
10010
10010
11000
11000
11000
10101
10101
10101
10101
10101
10101
10101
11001
10010
10010
10010
11000
11000
11000
11000
10101
10101
10101
10101
10101
10101
10101
11000
10010
10010
10010
11000
11000
11000
11000
10101
10101
10101
10101
10101
10101
11000
11000
10101
10101
10101
11001
11000
11001
10101
10101
10101
10101
10101
10101
11001
11000
11000
10101
10101
10101
11000
11000
11000
11000
10101
10101
10101
10101
11001
11000
11000
10101
10101
10101
10101
10101
11000
11000
11000
11000
10101
10101
10101
11001
11000
11000
10101
10101
10101
10101
10101
11000
11000
11000
11000
10101
10101
10101
11001
11000
11000
10101
10101
10101
10101
10101
10101
11001
11000
11000
10010
10101
10101
10101
10010
10010
10101
10101
10101
10101
10101
10101
10101
10101
10010
10010
10101
10010
10010
10010
10010
10101
10101
10101
10101
10101
10101
10010
10010
10010
10010
10101
